Source_name Other_name        RA        Dec RegType   Major   Minor Theta expnum   mjd exptime      RA_2      Dec_2  tileid                                                                      location Source_name_2 separation table1_index table2_index
----------- ---------- --------- ---------- ------- ------- ------- ----- ------ ----- ------- --------- ---------- ------- ----------------------------------------------------------------------------- ------------- ---------- ------------ ------------
 J0106-7205      IKT25 16.572917 -72.092778 ellipse   6.875     5.0  25.0   3481 60177   900.0 17.098596 -71.986795   11111   sdsswork/lvm/spectro/redux/1.1.1/0011XX/11111/60177/lvmSFrame-00003481.fits          3481     697.20           17           12
 J0106-7205      IKT25 16.572917 -72.092778 ellipse   6.875     5.0  25.0   3482 60177   900.0 17.105055 -71.990868   11111   sdsswork/lvm/spectro/redux/1.1.1/0011XX/11111/60177/lvmSFrame-00003482.fits          3482     695.32           17           13
 J0106-7205      IKT25 16.572917 -72.092778 ellipse   6.875     5.0  25.0   3483 60177   900.0 17.109002 -71.991352   11111   sdsswork/lvm/spectro/redux/1.1.1/0011XX/11111/60177/lvmSFrame-00003483.fits          3483     698.12           17           14
 J0106-7205      IKT25 16.572917 -72.092778 ellipse   6.875     5.0  25.0   3484 60177   900.0 17.113107  -71.99147   11111   sdsswork/lvm/spectro/redux/1.1.1/0011XX/11111/60177/lvmSFrame-00003484.fits          3484     701.79           17           15
 J0058-7217      IKT16 14.593333 -72.297778  circle    16.0    16.0   0.0   3485 60177   900.0 14.952198 -72.151788   11111   sdsswork/lvm/spectro/redux/1.1.1/0011XX/11111/60177/lvmSFrame-00003485.fits          3485     657.09            8           16
 J0059-7210      IKT18 14.865417 -72.169444  circle    8.75    8.75   0.0   3485 60177   900.0 14.952198 -72.151788   11111   sdsswork/lvm/spectro/redux/1.1.1/0011XX/11111/60177/lvmSFrame-00003485.fits          3485     114.89            9           16
 J0057-7211      NS66D 14.457917 -72.196389 ellipse   11.25  9.0625  45.0   3485 60177   900.0 14.952198 -72.151788   11111   sdsswork/lvm/spectro/redux/1.1.1/0011XX/11111/60177/lvmSFrame-00003485.fits          3485     567.89           20           16
 J0058-7217      IKT16 14.593333 -72.297778  circle    16.0    16.0   0.0   3486 60177   900.0 14.951036 -72.152772   11111   sdsswork/lvm/spectro/redux/1.1.1/0011XX/11111/60177/lvmSFrame-00003486.fits          3486     653.48            8           17
 J0059-7210      IKT18 14.865417 -72.169444  circle    8.75    8.75   0.0   3486 60177   900.0 14.951036 -72.152772   11111   sdsswork/lvm/spectro/redux/1.1.1/0011XX/11111/60177/lvmSFrame-00003486.fits          3486     111.88            9           17
 J0057-7211      NS66D 14.457917 -72.196389 ellipse   11.25  9.0625  45.0   3486 60177   900.0 14.951036 -72.152772   11111   sdsswork/lvm/spectro/redux/1.1.1/0011XX/11111/60177/lvmSFrame-00003486.fits          3486     565.66           20           17
 J0058-7217      IKT16 14.593333 -72.297778  circle    16.0    16.0   0.0   3487 60177   900.0 14.950194  -72.15296   11111   sdsswork/lvm/spectro/redux/1.1.1/0011XX/11111/60177/lvmSFrame-00003487.fits          3487     652.39            8           18
 J0059-7210      IKT18 14.865417 -72.169444  circle    8.75    8.75   0.0   3487 60177   900.0 14.950194  -72.15296   11111   sdsswork/lvm/spectro/redux/1.1.1/0011XX/11111/60177/lvmSFrame-00003487.fits          3487     110.74            9           18
 J0057-7211      NS66D 14.457917 -72.196389 ellipse   11.25  9.0625  45.0   3487 60177   900.0 14.950194  -72.15296   11111   sdsswork/lvm/spectro/redux/1.1.1/0011XX/11111/60177/lvmSFrame-00003487.fits          3487     564.58           20           18
 J0100-7133    DEMS108 15.099583 -71.561389  circle  13.125  13.125   0.0   3491 60177   900.0 15.190868 -71.523362   11111   sdsswork/lvm/spectro/redux/1.1.1/0011XX/11111/60177/lvmSFrame-00003491.fits          3491     171.95           10           22
 J0100-7133    DEMS108 15.099583 -71.561389  circle  13.125  13.125   0.0   3492 60177   900.0 15.186891 -71.521621   11111   sdsswork/lvm/spectro/redux/1.1.1/0011XX/11111/60177/lvmSFrame-00003492.fits          3492     174.35           10           23
 J0100-7133    DEMS108 15.099583 -71.561389  circle  13.125  13.125   0.0   3493 60177   900.0 15.185775 -71.521175   11111   sdsswork/lvm/spectro/redux/1.1.1/0011XX/11111/60177/lvmSFrame-00003493.fits          3493     174.96           10           24
 J0058-7217      IKT16 14.593333 -72.297778  circle    16.0    16.0   0.0   3536 60178   900.0 14.942297 -72.150032   11111   sdsswork/lvm/spectro/redux/1.1.1/0011XX/11111/60178/lvmSFrame-00003536.fits          3536     655.74            8           40
 J0059-7210      IKT18 14.865417 -72.169444  circle    8.75    8.75   0.0   3536 60178   900.0 14.942297 -72.150032   11111   sdsswork/lvm/spectro/redux/1.1.1/0011XX/11111/60178/lvmSFrame-00003536.fits          3536     109.88            9           40
 J0057-7211      NS66D 14.457917 -72.196389 ellipse   11.25  9.0625  45.0   3536 60178   900.0 14.942297 -72.150032   11111   sdsswork/lvm/spectro/redux/1.1.1/0011XX/11111/60178/lvmSFrame-00003536.fits          3536     559.31           20           40
 J0058-7217      IKT16 14.593333 -72.297778  circle    16.0    16.0   0.0   3537 60178   900.0 14.942251 -72.150887   11111   sdsswork/lvm/spectro/redux/1.1.1/0011XX/11111/60178/lvmSFrame-00003537.fits          3537     653.21            8           41
 J0059-7210      IKT18 14.865417 -72.169444  circle    8.75    8.75   0.0   3537 60178   900.0 14.942251 -72.150887   11111   sdsswork/lvm/spectro/redux/1.1.1/0011XX/11111/60178/lvmSFrame-00003537.fits          3537     107.91            9           41
 J0057-7211      NS66D 14.457917 -72.196389 ellipse   11.25  9.0625  45.0   3537 60178   900.0 14.942251 -72.150887   11111   sdsswork/lvm/spectro/redux/1.1.1/0011XX/11111/60178/lvmSFrame-00003537.fits          3537     558.34           20           41
 J0058-7217      IKT16 14.593333 -72.297778  circle    16.0    16.0   0.0   3538 60178   900.0 14.945546 -72.150982   11111   sdsswork/lvm/spectro/redux/1.1.1/0011XX/11111/60178/lvmSFrame-00003538.fits          3538     655.07            8           42
 J0059-7210      IKT18 14.865417 -72.169444  circle    8.75    8.75   0.0   3538 60178   900.0 14.945546 -72.150982   11111   sdsswork/lvm/spectro/redux/1.1.1/0011XX/11111/60178/lvmSFrame-00003538.fits          3538     110.58            9           42
 J0057-7211      NS66D 14.457917 -72.196389 ellipse   11.25  9.0625  45.0   3538 60178   900.0 14.945546 -72.150982   11111   sdsswork/lvm/spectro/redux/1.1.1/0011XX/11111/60178/lvmSFrame-00003538.fits          3538     561.71           20           42
 J0058-7217      IKT16 14.593333 -72.297778  circle    16.0    16.0   0.0   3912 60184   900.0 14.922433 -72.148489   11111   sdsswork/lvm/spectro/redux/1.1.1/0011XX/11111/60184/lvmSFrame-00003912.fits          3912     647.83            8          230
 J0059-7210      IKT18 14.865417 -72.169444  circle    8.75    8.75   0.0   3912 60184   900.0 14.922433 -72.148489   11111   sdsswork/lvm/spectro/redux/1.1.1/0011XX/11111/60184/lvmSFrame-00003912.fits          3912      98.21            9          230
 J0056-7209      SNRC1 14.117083 -72.161667 ellipse   21.25 14.0625  30.0   3912 60184   900.0 14.922433 -72.148489   11111   sdsswork/lvm/spectro/redux/1.1.1/0011XX/11111/60184/lvmSFrame-00003912.fits          3912     889.71           19          230
 J0057-7211      NS66D 14.457917 -72.196389 ellipse   11.25  9.0625  45.0   3912 60184   900.0 14.922433 -72.148489   11111   sdsswork/lvm/spectro/redux/1.1.1/0011XX/11111/60184/lvmSFrame-00003912.fits          3912     540.23           20          230
 J0058-7217      IKT16 14.593333 -72.297778  circle    16.0    16.0   0.0   3913 60184   900.0 14.926959 -72.149316   11111   sdsswork/lvm/spectro/redux/1.1.1/0011XX/11111/60184/lvmSFrame-00003913.fits          3913     648.16            8          231
 J0059-7210      IKT18 14.865417 -72.169444  circle    8.75    8.75   0.0   3913 60184   900.0 14.926959 -72.149316   11111   sdsswork/lvm/spectro/redux/1.1.1/0011XX/11111/60184/lvmSFrame-00003913.fits          3913      99.29            9          231
 J0056-7209      SNRC1 14.117083 -72.161667 ellipse   21.25 14.0625  30.0   3913 60184   900.0 14.926959 -72.149316   11111   sdsswork/lvm/spectro/redux/1.1.1/0011XX/11111/60184/lvmSFrame-00003913.fits          3913     894.53           19          231
 J0057-7211      NS66D 14.457917 -72.196389 ellipse   11.25  9.0625  45.0   3913 60184   900.0 14.926959 -72.149316   11111   sdsswork/lvm/spectro/redux/1.1.1/0011XX/11111/60184/lvmSFrame-00003913.fits          3913     544.01           20          231
 J0058-7217      IKT16 14.593333 -72.297778  circle    16.0    16.0   0.0   3914 60184   900.0 14.931946 -72.149239   11111   sdsswork/lvm/spectro/redux/1.1.1/0011XX/11111/60184/lvmSFrame-00003914.fits          3914     651.50            8          232
 J0059-7210      IKT18 14.865417 -72.169444  circle    8.75    8.75   0.0   3914 60184   900.0 14.931946 -72.149239   11111   sdsswork/lvm/spectro/redux/1.1.1/0011XX/11111/60184/lvmSFrame-00003914.fits          3914     103.32            9          232
 J0057-7211      NS66D 14.457917 -72.196389 ellipse   11.25  9.0625  45.0   3914 60184   900.0 14.931946 -72.149239   11111   sdsswork/lvm/spectro/redux/1.1.1/0011XX/11111/60184/lvmSFrame-00003914.fits          3914     549.32           20          232
 J0058-7217      IKT16 14.593333 -72.297778  circle    16.0    16.0   0.0   3915 60184   900.0 14.934813 -72.150197   11111   sdsswork/lvm/spectro/redux/1.1.1/0011XX/11111/60184/lvmSFrame-00003915.fits          3915     650.48            8          233
 J0059-7210      IKT18 14.865417 -72.169444  circle    8.75    8.75   0.0   3915 60184   900.0 14.934813 -72.150197   11111   sdsswork/lvm/spectro/redux/1.1.1/0011XX/11111/60184/lvmSFrame-00003915.fits          3915     103.24            9          233
 J0057-7211      NS66D 14.457917 -72.196389 ellipse   11.25  9.0625  45.0   3915 60184   900.0 14.934813 -72.150197   11111   sdsswork/lvm/spectro/redux/1.1.1/0011XX/11111/60184/lvmSFrame-00003915.fits          3915     551.26           20          233
 J0058-7217      IKT16 14.593333 -72.297778  circle    16.0    16.0   0.0   3916 60184   900.0 14.936168 -72.150811   11111   sdsswork/lvm/spectro/redux/1.1.1/0011XX/11111/60184/lvmSFrame-00003916.fits          3916     649.54            8          234
 J0059-7210      IKT18 14.865417 -72.169444  circle    8.75    8.75   0.0   3916 60184   900.0 14.936168 -72.150811   11111   sdsswork/lvm/spectro/redux/1.1.1/0011XX/11111/60184/lvmSFrame-00003916.fits          3916     102.90            9          234
 J0057-7211      NS66D 14.457917 -72.196389 ellipse   11.25  9.0625  45.0   3916 60184   900.0 14.936168 -72.150811   11111   sdsswork/lvm/spectro/redux/1.1.1/0011XX/11111/60184/lvmSFrame-00003916.fits          3916     552.02           20          234
 J0058-7217      IKT16 14.593333 -72.297778  circle    16.0    16.0   0.0   3917 60184   900.0 14.939282 -72.151032   11111   sdsswork/lvm/spectro/redux/1.1.1/0011XX/11111/60184/lvmSFrame-00003917.fits          3917     650.88            8          235
 J0059-7210      IKT18 14.865417 -72.169444  circle    8.75    8.75   0.0   3917 60184   900.0 14.939282 -72.151032   11111   sdsswork/lvm/spectro/redux/1.1.1/0011XX/11111/60184/lvmSFrame-00003917.fits          3917     105.02            9          235
 J0057-7211      NS66D 14.457917 -72.196389 ellipse   11.25  9.0625  45.0   3917 60184   900.0 14.939282 -72.151032   11111   sdsswork/lvm/spectro/redux/1.1.1/0011XX/11111/60184/lvmSFrame-00003917.fits          3917     555.06           20          235
 J0058-7217      IKT16 14.593333 -72.297778  circle    16.0    16.0   0.0   3970 60185   900.0 14.914687 -72.152265   11111   sdsswork/lvm/spectro/redux/1.1.1/0011XX/11111/60185/lvmSFrame-00003970.fits          3970     631.78            8          274
 J0059-7210      IKT18 14.865417 -72.169444  circle    8.75    8.75   0.0   3970 60185   900.0 14.914687 -72.152265   11111   sdsswork/lvm/spectro/redux/1.1.1/0011XX/11111/60185/lvmSFrame-00003970.fits          3970      82.32            9          274
 J0056-7209      SNRC1 14.117083 -72.161667 ellipse   21.25 14.0625  30.0   3970 60185   900.0 14.914687 -72.152265   11111   sdsswork/lvm/spectro/redux/1.1.1/0011XX/11111/60185/lvmSFrame-00003970.fits          3970     880.46           19          274
 J0057-7211      NS66D 14.457917 -72.196389 ellipse   11.25  9.0625  45.0   3970 60185   900.0 14.914687 -72.152265   11111   sdsswork/lvm/spectro/redux/1.1.1/0011XX/11111/60185/lvmSFrame-00003970.fits          3970     527.84           20          274
 J0058-7217      IKT16 14.593333 -72.297778  circle    16.0    16.0   0.0   3971 60185   900.0 14.917133 -72.155948   11111   sdsswork/lvm/spectro/redux/1.1.1/0011XX/11111/60185/lvmSFrame-00003971.fits          3971     622.34            8          275
 J0059-7210      IKT18 14.865417 -72.169444  circle    8.75    8.75   0.0   3971 60185   900.0 14.917133 -72.155948   11111   sdsswork/lvm/spectro/redux/1.1.1/0011XX/11111/60185/lvmSFrame-00003971.fits          3971      74.92            9          275
 J0056-7209      SNRC1 14.117083 -72.161667 ellipse   21.25 14.0625  30.0   3971 60185   900.0 14.917133 -72.155948   11111   sdsswork/lvm/spectro/redux/1.1.1/0011XX/11111/60185/lvmSFrame-00003971.fits          3971     882.66           19          275
 J0057-7211      NS66D 14.457917 -72.196389 ellipse   11.25  9.0625  45.0   3971 60185   900.0 14.917133 -72.155948   11111   sdsswork/lvm/spectro/redux/1.1.1/0011XX/11111/60185/lvmSFrame-00003971.fits          3971     526.55           20          275
 J0058-7217      IKT16 14.593333 -72.297778  circle    16.0    16.0   0.0   3972 60185   900.0 14.919739 -72.156256   11111   sdsswork/lvm/spectro/redux/1.1.1/0011XX/11111/60185/lvmSFrame-00003972.fits          3972     623.07            8          276
 J0059-7210      IKT18 14.865417 -72.169444  circle    8.75    8.75   0.0   3972 60185   900.0 14.919739 -72.156256   11111   sdsswork/lvm/spectro/redux/1.1.1/0011XX/11111/60185/lvmSFrame-00003972.fits          3972      76.44            9          276
 J0056-7209      SNRC1 14.117083 -72.161667 ellipse   21.25 14.0625  30.0   3972 60185   900.0 14.919739 -72.156256   11111   sdsswork/lvm/spectro/redux/1.1.1/0011XX/11111/60185/lvmSFrame-00003972.fits          3972     885.50           19          276
 J0057-7211      NS66D 14.457917 -72.196389 ellipse   11.25  9.0625  45.0   3972 60185   900.0 14.919739 -72.156256   11111   sdsswork/lvm/spectro/redux/1.1.1/0011XX/11111/60185/lvmSFrame-00003972.fits          3972     529.00           20          276
 J0100-7133    DEMS108 15.099583 -71.561389  circle  13.125  13.125   0.0   4105 60187   900.0 15.195272 -71.512023   11111   sdsswork/lvm/spectro/redux/1.1.1/0011XX/11111/60187/lvmSFrame-00004105.fits          4105     208.53           10          345
 J0100-7133    DEMS108 15.099583 -71.561389  circle  13.125  13.125   0.0   4106 60187   900.0 15.198849 -71.513422   11111   sdsswork/lvm/spectro/redux/1.1.1/0011XX/11111/60187/lvmSFrame-00004106.fits          4106     206.46           10          346
 J0100-7133    DEMS108 15.099583 -71.561389  circle  13.125  13.125   0.0   4107 60187   900.0 15.201689 -71.513202   11111   sdsswork/lvm/spectro/redux/1.1.1/0011XX/11111/60187/lvmSFrame-00004107.fits          4107     208.91           10          347
 J0106-7205      IKT25 16.572917 -72.092778 ellipse   6.875     5.0  25.0   4423 60194   900.0 17.082521 -71.992736   11111   sdsswork/lvm/spectro/redux/1.1.1/0011XX/11111/60194/lvmSFrame-00004423.fits          4423     670.54           17          464
 J0106-7205      IKT25 16.572917 -72.092778 ellipse   6.875     5.0  25.0   4424 60194   900.0  17.08541  -71.99418   11111   sdsswork/lvm/spectro/redux/1.1.1/0011XX/11111/60194/lvmSFrame-00004424.fits          4424     670.46           17          465
 J0106-7205      IKT25 16.572917 -72.092778 ellipse   6.875     5.0  25.0   4425 60194   900.0 17.087693 -71.994319   11111   sdsswork/lvm/spectro/redux/1.1.1/0011XX/11111/60194/lvmSFrame-00004425.fits          4425     672.35           17          466
 J0106-7205      IKT25 16.572917 -72.092778 ellipse   6.875     5.0  25.0   4426 60194   900.0 17.089903  -71.99467   11111   sdsswork/lvm/spectro/redux/1.1.1/0011XX/11111/60194/lvmSFrame-00004426.fits          4426     673.76           17          467
 J0106-7205      IKT25 16.572917 -72.092778 ellipse   6.875     5.0  25.0   4427 60194   900.0 17.091717 -71.995574   11111   sdsswork/lvm/spectro/redux/1.1.1/0011XX/11111/60194/lvmSFrame-00004427.fits          4427     673.77           17          468
 J0106-7205      IKT25 16.572917 -72.092778 ellipse   6.875     5.0  25.0   4428 60194   900.0 17.092282 -71.996078   11111   sdsswork/lvm/spectro/redux/1.1.1/0011XX/11111/60194/lvmSFrame-00004428.fits          4428     673.36           17          469
 J0106-7205      IKT25 16.572917 -72.092778 ellipse   6.875     5.0  25.0   4435 60194   900.0 17.088631 -71.999447   11111   sdsswork/lvm/spectro/redux/1.1.1/0011XX/11111/60194/lvmSFrame-00004435.fits          4435     663.63           17          476
 J0106-7205      IKT25 16.572917 -72.092778 ellipse   6.875     5.0  25.0   4436 60194   900.0 17.087486 -71.998518   11111   sdsswork/lvm/spectro/redux/1.1.1/0011XX/11111/60194/lvmSFrame-00004436.fits          4436     664.25           17          477
 J0106-7205      IKT25 16.572917 -72.092778 ellipse   6.875     5.0  25.0   4437 60194   900.0 17.086682 -71.999164   11111   sdsswork/lvm/spectro/redux/1.1.1/0011XX/11111/60194/lvmSFrame-00004437.fits          4437     662.29           17          478
 J0052-7236     DEMS68 13.249583 -72.613056 ellipse    20.0  16.875 135.0   4796 60201   900.0 12.746929 -72.702924 1000565 sdsswork/lvm/spectro/redux/1.1.1/1000XX/1000565/60201/lvmSFrame-00004796.fits          4796     628.97            7          522
 J0052-7236     DEMS68 13.249583 -72.613056 ellipse    20.0  16.875 135.0   4797 60201   900.0  12.76078 -72.708617 1000565 sdsswork/lvm/spectro/redux/1.1.1/1000XX/1000565/60201/lvmSFrame-00004797.fits          4797     627.20            7          523
 J0052-7236     DEMS68 13.249583 -72.613056 ellipse    20.0  16.875 135.0   4798 60201   900.0 12.743461 -72.709606 1000565 sdsswork/lvm/spectro/redux/1.1.1/1000XX/1000565/60201/lvmSFrame-00004798.fits          4798     644.72            7          524
 J0052-7236     DEMS68 13.249583 -72.613056 ellipse    20.0  16.875 135.0   4799 60201   900.0 12.733684 -72.705128 1000565 sdsswork/lvm/spectro/redux/1.1.1/1000XX/1000565/60201/lvmSFrame-00004799.fits          4799     645.21            7          525
 J0052-7236     DEMS68 13.249583 -72.613056 ellipse    20.0  16.875 135.0   4800 60201   900.0 12.723195 -72.707283 1000565 sdsswork/lvm/spectro/redux/1.1.1/1000XX/1000565/60201/lvmSFrame-00004800.fits          4800     658.82            7          526
 J0052-7236     DEMS68 13.249583 -72.613056 ellipse    20.0  16.875 135.0   4801 60201   900.0 12.743038 -72.707113 1000565 sdsswork/lvm/spectro/redux/1.1.1/1000XX/1000565/60201/lvmSFrame-00004801.fits          4801     640.34            7          527
 J0052-7236     DEMS68 13.249583 -72.613056 ellipse    20.0  16.875 135.0   4802 60201   900.0 12.724341 -72.711086 1000565 sdsswork/lvm/spectro/redux/1.1.1/1000XX/1000565/60201/lvmSFrame-00004802.fits          4802     664.88            7          528
 J0052-7236     DEMS68 13.249583 -72.613056 ellipse    20.0  16.875 135.0   4803 60201   900.0 12.745423 -72.711613 1000565 sdsswork/lvm/spectro/redux/1.1.1/1000XX/1000565/60201/lvmSFrame-00004803.fits          4803     646.85            7          529
 J0052-7236     DEMS68 13.249583 -72.613056 ellipse    20.0  16.875 135.0   4804 60201   900.0 12.734315 -72.713642 1000565 sdsswork/lvm/spectro/redux/1.1.1/1000XX/1000565/60201/lvmSFrame-00004804.fits          4804     660.80            7          530
 J0046-7308     HPF414 11.669167   -73.1375 ellipse 11.5625    8.75  35.0   5027 60203   900.0 11.985233 -73.060821 1000555 sdsswork/lvm/spectro/redux/1.1.1/1000XX/1000555/60203/lvmSFrame-00005027.fits          5027     430.84            1          580
 J0047-7308       IKT2 11.819167 -73.143333 ellipse   6.875    6.25  45.0   5027 60203   900.0 11.985233 -73.060821 1000555 sdsswork/lvm/spectro/redux/1.1.1/1000XX/1000555/60203/lvmSFrame-00005027.fits          5027     344.14            2          580
 J0047-7309         -- 11.902083 -73.155556 ellipse   11.25     7.5  75.0   5027 60203   900.0 11.985233 -73.060821 1000555 sdsswork/lvm/spectro/redux/1.1.1/1000XX/1000555/60203/lvmSFrame-00005027.fits          5027     351.96            3          580
 J0047-7314       IKT5 12.282083   -73.2375  circle  11.875  11.875   0.0   5027 60203   900.0 11.985233 -73.060821 1000555 sdsswork/lvm/spectro/redux/1.1.1/1000XX/1000555/60203/lvmSFrame-00005027.fits          5027     707.47            5          580
 J0046-7308     HPF414 11.669167   -73.1375 ellipse 11.5625    8.75  35.0   5028 60203   900.0   12.0088  -73.07117 1000555 sdsswork/lvm/spectro/redux/1.1.1/1000XX/1000555/60203/lvmSFrame-00005028.fits          5028     428.12            1          581
 J0047-7308       IKT2 11.819167 -73.143333 ellipse   6.875    6.25  45.0   5028 60203   900.0   12.0088  -73.07117 1000555 sdsswork/lvm/spectro/redux/1.1.1/1000XX/1000555/60203/lvmSFrame-00005028.fits          5028     326.87            2          581
 J0047-7309         -- 11.902083 -73.155556 ellipse   11.25     7.5  75.0   5028 60203   900.0   12.0088  -73.07117 1000555 sdsswork/lvm/spectro/redux/1.1.1/1000XX/1000555/60203/lvmSFrame-00005028.fits          5028     323.64            3          581
 J0047-7314       IKT5 12.282083   -73.2375  circle  11.875  11.875   0.0   5028 60203   900.0   12.0088  -73.07117 1000555 sdsswork/lvm/spectro/redux/1.1.1/1000XX/1000555/60203/lvmSFrame-00005028.fits          5028     663.20            5          581
 J0046-7308     HPF414 11.669167   -73.1375 ellipse 11.5625    8.75  35.0   5029 60203   900.0 11.992476 -73.071811 1000555 sdsswork/lvm/spectro/redux/1.1.1/1000XX/1000555/60203/lvmSFrame-00005029.fits          5029     412.73            1          582
 J0047-7308       IKT2 11.819167 -73.143333 ellipse   6.875    6.25  45.0   5029 60203   900.0 11.992476 -73.071811 1000555 sdsswork/lvm/spectro/redux/1.1.1/1000XX/1000555/60203/lvmSFrame-00005029.fits          5029     314.90            2          582
 J0047-7309         -- 11.902083 -73.155556 ellipse   11.25     7.5  75.0   5029 60203   900.0 11.992476 -73.071811 1000555 sdsswork/lvm/spectro/redux/1.1.1/1000XX/1000555/60203/lvmSFrame-00005029.fits          5029     315.95            3          582
 J0047-7314       IKT5 12.282083   -73.2375  circle  11.875  11.875   0.0   5029 60203   900.0 11.992476 -73.071811 1000555 sdsswork/lvm/spectro/redux/1.1.1/1000XX/1000555/60203/lvmSFrame-00005029.fits          5029     668.63            5          582
 J0100-7133    DEMS108 15.099583 -71.561389  circle  13.125  13.125   0.0   5089 60204   900.0 15.177712 -71.514162   11111   sdsswork/lvm/spectro/redux/1.1.1/0011XX/11111/60204/lvmSFrame-00005089.fits          5089     191.94           10          588
 J0100-7133    DEMS108 15.099583 -71.561389  circle  13.125  13.125   0.0   5090 60204   900.0 15.180384 -71.516249   11111   sdsswork/lvm/spectro/redux/1.1.1/0011XX/11111/60204/lvmSFrame-00005090.fits          5090     186.79           10          589
 J0100-7133    DEMS108 15.099583 -71.561389  circle  13.125  13.125   0.0   5091 60204   900.0 15.183307 -71.516648   11111   sdsswork/lvm/spectro/redux/1.1.1/0011XX/11111/60204/lvmSFrame-00005091.fits          5091     187.22           10          590
 J0100-7133    DEMS108 15.099583 -71.561389  circle  13.125  13.125   0.0   5206 60206   900.0 15.200536 -71.512231   11111   sdsswork/lvm/spectro/redux/1.1.1/0011XX/11111/60206/lvmSFrame-00005206.fits          5206     211.10           10          595
 J0100-7133    DEMS108 15.099583 -71.561389  circle  13.125  13.125   0.0   5207 60206   900.0  15.19548 -71.512231   11111   sdsswork/lvm/spectro/redux/1.1.1/0011XX/11111/60206/lvmSFrame-00005207.fits          5207     208.02           10          596
 J0100-7133    DEMS108 15.099583 -71.561389  circle  13.125  13.125   0.0   5208 60206   900.0 15.197511 -71.512183   11111   sdsswork/lvm/spectro/redux/1.1.1/0011XX/11111/60206/lvmSFrame-00005208.fits          5208     209.39           10          597
 J0106-7205      IKT25 16.572917 -72.092778 ellipse   6.875     5.0  25.0   7551 60259   900.0 17.072996  -71.99348   11111   sdsswork/lvm/spectro/redux/1.1.1/0011XX/11111/60259/lvmSFrame-00007551.fits          7551     660.18           17         1070
 J0106-7205      IKT25 16.572917 -72.092778 ellipse   6.875     5.0  25.0   7552 60259   900.0 17.073212 -71.991964   11111   sdsswork/lvm/spectro/redux/1.1.1/0011XX/11111/60259/lvmSFrame-00007552.fits          7552     663.37           17         1071
 J0052-7236     DEMS68 13.249583 -72.613056 ellipse    20.0  16.875 135.0  20607 60494   900.0 13.263855 -72.483456 1028309 sdsswork/lvm/spectro/redux/1.1.1/1028XX/1028309/60494/lvmSFrame-00020607.fits         20607     466.81            7         4942
 J0052-7236     DEMS68 13.249583 -72.613056 ellipse    20.0  16.875 135.0  20608 60494   900.0 13.269524 -72.487661 1028309 sdsswork/lvm/spectro/redux/1.1.1/1028XX/1028309/60494/lvmSFrame-00020608.fits         20608     451.93            7         4943
 J0052-7236     DEMS68 13.249583 -72.613056 ellipse    20.0  16.875 135.0  20609 60494   900.0 13.246179 -72.486352 1028309 sdsswork/lvm/spectro/redux/1.1.1/1028XX/1028309/60494/lvmSFrame-00020609.fits         20609     456.15            7         4944
 J0051-7321       IKT6 12.777917 -73.357222  circle  9.0625  9.0625   0.0  20792 60496   900.0 13.209187 -73.214476 1028292 sdsswork/lvm/spectro/redux/1.1.1/1028XX/1028292/60496/lvmSFrame-00020792.fits         20792     680.77            6         4963
 J0051-7321       IKT6 12.777917 -73.357222  circle  9.0625  9.0625   0.0  20794 60496   900.0 13.205956 -73.218464 1028292 sdsswork/lvm/spectro/redux/1.1.1/1028XX/1028292/60496/lvmSFrame-00020794.fits         20794     667.74            6         4964
 J0051-7321       IKT6 12.777917 -73.357222  circle  9.0625  9.0625   0.0  20795 60496   900.0 13.173593 -73.216302 1028292 sdsswork/lvm/spectro/redux/1.1.1/1028XX/1028292/60496/lvmSFrame-00020795.fits         20795     652.05            6         4965
 J0051-7321       IKT6 12.777917 -73.357222  circle  9.0625  9.0625   0.0  20796 60496   900.0 13.181982 -73.207284 1028292 sdsswork/lvm/spectro/redux/1.1.1/1028XX/1028292/60496/lvmSFrame-00020796.fits         20796     682.97            6         4966
 J0051-7321       IKT6 12.777917 -73.357222  circle  9.0625  9.0625   0.0  20797 60496   900.0 13.145967  -73.21174 1028292 sdsswork/lvm/spectro/redux/1.1.1/1028XX/1028292/60496/lvmSFrame-00020797.fits         20797     647.71            6         4967
 J0051-7321       IKT6 12.777917 -73.357222  circle  9.0625  9.0625   0.0  20798 60496   900.0 13.162864 -73.210881 1028292 sdsswork/lvm/spectro/redux/1.1.1/1028XX/1028292/60496/lvmSFrame-00020798.fits         20798     660.62            6         4968
 J0047-7314       IKT5 12.282083   -73.2375  circle  11.875  11.875   0.0  20799 60496   900.0 13.138563 -73.212216 1028292 sdsswork/lvm/spectro/redux/1.1.1/1028XX/1028292/60496/lvmSFrame-00020799.fits         20799     894.53            5         4969
 J0051-7321       IKT6 12.777917 -73.357222  circle  9.0625  9.0625   0.0  20799 60496   900.0 13.138563 -73.212216 1028292 sdsswork/lvm/spectro/redux/1.1.1/1028XX/1028292/60496/lvmSFrame-00020799.fits         20799     641.83            6         4969
 J0051-7321       IKT6 12.777917 -73.357222  circle  9.0625  9.0625   0.0  20800 60496   900.0 13.155986 -73.211788 1028292 sdsswork/lvm/spectro/redux/1.1.1/1028XX/1028292/60496/lvmSFrame-00020800.fits         20800     653.73            6         4970
 J0047-7314       IKT5 12.282083   -73.2375  circle  11.875  11.875   0.0  20801 60496   900.0 13.143601 -73.212063 1028292 sdsswork/lvm/spectro/redux/1.1.1/1028XX/1028292/60496/lvmSFrame-00020801.fits         20801     899.80            5         4971
 J0051-7321       IKT6 12.777917 -73.357222  circle  9.0625  9.0625   0.0  20801 60496   900.0 13.143601 -73.212063 1028292 sdsswork/lvm/spectro/redux/1.1.1/1028XX/1028292/60496/lvmSFrame-00020801.fits         20801     645.33            6         4971
 J0052-7236     DEMS68 13.249583 -72.613056 ellipse    20.0  16.875 135.0  20863 60497   900.0 13.336106 -72.482222 1028309 sdsswork/lvm/spectro/redux/1.1.1/1028XX/1028309/60497/lvmSFrame-00020863.fits         20863     480.18            7         5000
 J0052-7236     DEMS68 13.249583 -72.613056 ellipse    20.0  16.875 135.0  20864 60497   900.0 13.319905 -72.483179 1028309 sdsswork/lvm/spectro/redux/1.1.1/1028XX/1028309/60497/lvmSFrame-00020864.fits         20864     473.68            7         5001
 J0052-7236     DEMS68 13.249583 -72.613056 ellipse    20.0  16.875 135.0  20865 60497   900.0 13.331275 -72.482532 1028309 sdsswork/lvm/spectro/redux/1.1.1/1028XX/1028309/60497/lvmSFrame-00020865.fits         20865     478.09            7         5002
 J0052-7236     DEMS68 13.249583 -72.613056 ellipse    20.0  16.875 135.0  20866 60497   900.0 13.303581 -72.484889 1028309 sdsswork/lvm/spectro/redux/1.1.1/1028XX/1028309/60497/lvmSFrame-00020866.fits         20866     465.07            7         5003
 J0052-7236     DEMS68 13.249583 -72.613056 ellipse    20.0  16.875 135.0  20867 60497   900.0 13.317832 -72.484355 1028309 sdsswork/lvm/spectro/redux/1.1.1/1028XX/1028309/60497/lvmSFrame-00020867.fits         20867     469.15            7         5004
 J0052-7236     DEMS68 13.249583 -72.613056 ellipse    20.0  16.875 135.0  20868 60497   900.0 13.302095 -72.484848 1028309 sdsswork/lvm/spectro/redux/1.1.1/1028XX/1028309/60497/lvmSFrame-00020868.fits         20868     465.02            7         5005
 J0058-7217      IKT16 14.593333 -72.297778  circle    16.0    16.0   0.0  22955 60528   900.0 14.672931 -72.497913 1028310 sdsswork/lvm/spectro/redux/1.1.1/1028XX/1028310/60528/lvmSFrame-00022955.fits         22955     725.68            8         5697
 J0058-7217      IKT16 14.593333 -72.297778  circle    16.0    16.0   0.0  22956 60528   900.0 14.680237 -72.502287 1028310 sdsswork/lvm/spectro/redux/1.1.1/1028XX/1028310/60528/lvmSFrame-00022956.fits         22956     742.28            8         5698
 J0058-7217      IKT16 14.593333 -72.297778  circle    16.0    16.0   0.0  22957 60528   900.0 14.656818 -72.501124 1028310 sdsswork/lvm/spectro/redux/1.1.1/1028XX/1028310/60528/lvmSFrame-00022957.fits         22957     735.30            8         5699
 J0058-7217      IKT16 14.593333 -72.297778  circle    16.0    16.0   0.0  22958 60528   900.0 14.666485 -72.491894 1028310 sdsswork/lvm/spectro/redux/1.1.1/1028XX/1028310/60528/lvmSFrame-00022958.fits         22958     703.34            8         5700
 J0058-7217      IKT16 14.593333 -72.297778  circle    16.0    16.0   0.0  22959 60528   900.0 14.655126 -72.493102 1028310 sdsswork/lvm/spectro/redux/1.1.1/1028XX/1028310/60528/lvmSFrame-00022959.fits         22959     706.38            8         5701
 J0058-7217      IKT16 14.593333 -72.297778  circle    16.0    16.0   0.0  22960 60528   900.0 14.674126 -72.492766 1028310 sdsswork/lvm/spectro/redux/1.1.1/1028XX/1028310/60528/lvmSFrame-00022960.fits         22960     707.45            8         5702
 J0058-7217      IKT16 14.593333 -72.297778  circle    16.0    16.0   0.0  22961 60528   900.0 14.653255 -72.495341 1028310 sdsswork/lvm/spectro/redux/1.1.1/1028XX/1028310/60528/lvmSFrame-00022961.fits         22961     714.21            8         5703
 J0058-7217      IKT16 14.593333 -72.297778  circle    16.0    16.0   0.0  22962 60528   900.0 14.672684 -72.495174 1028310 sdsswork/lvm/spectro/redux/1.1.1/1028XX/1028310/60528/lvmSFrame-00022962.fits         22962     715.86            8         5704
 J0058-7217      IKT16 14.593333 -72.297778  circle    16.0    16.0   0.0  22963 60528   900.0 14.661322 -72.496305 1028310 sdsswork/lvm/spectro/redux/1.1.1/1028XX/1028310/60528/lvmSFrame-00022963.fits         22963     718.52            8         5705
 J0046-7308     HPF414 11.669167   -73.1375 ellipse 11.5625    8.75  35.0  23082 60531   900.0 11.700658 -73.185696 1028291 sdsswork/lvm/spectro/redux/1.1.1/1028XX/1028291/60531/lvmSFrame-00023082.fits         23082     176.59            1         5758
 J0047-7308       IKT2 11.819167 -73.143333 ellipse   6.875    6.25  45.0  23082 60531   900.0 11.700658 -73.185696 1028291 sdsswork/lvm/spectro/redux/1.1.1/1028XX/1028291/60531/lvmSFrame-00023082.fits         23082     196.28            2         5758
 J0047-7309         -- 11.902083 -73.155556 ellipse   11.25     7.5  75.0  23082 60531   900.0 11.700658 -73.185696 1028291 sdsswork/lvm/spectro/redux/1.1.1/1028XX/1028291/60531/lvmSFrame-00023082.fits         23082     236.32            3         5758
 J0048-7319       IKT4 12.081667 -73.327778 ellipse 10.3125   8.125  90.0  23082 60531   900.0 11.700658 -73.185696 1028291 sdsswork/lvm/spectro/redux/1.1.1/1028XX/1028291/60531/lvmSFrame-00023082.fits         23082     646.35            4         5758
 J0047-7314       IKT5 12.282083   -73.2375  circle  11.875  11.875   0.0  23082 60531   900.0 11.700658 -73.185696 1028291 sdsswork/lvm/spectro/redux/1.1.1/1028XX/1028291/60531/lvmSFrame-00023082.fits         23082     632.68            5         5758
 J0046-7308     HPF414 11.669167   -73.1375 ellipse 11.5625    8.75  35.0  23083 60531   900.0 11.708265 -73.190171 1028291 sdsswork/lvm/spectro/redux/1.1.1/1028XX/1028291/60531/lvmSFrame-00023083.fits         23083     193.95            1         5759
 J0047-7308       IKT2 11.819167 -73.143333 ellipse   6.875    6.25  45.0  23083 60531   900.0 11.708265 -73.190171 1028291 sdsswork/lvm/spectro/redux/1.1.1/1028XX/1028291/60531/lvmSFrame-00023083.fits         23083     204.45            2         5759
 J0047-7309         -- 11.902083 -73.155556 ellipse   11.25     7.5  75.0  23083 60531   900.0 11.708265 -73.190171 1028291 sdsswork/lvm/spectro/redux/1.1.1/1028XX/1028291/60531/lvmSFrame-00023083.fits         23083     237.33            3         5759
 J0048-7319       IKT4 12.081667 -73.327778 ellipse 10.3125   8.125  90.0  23083 60531   900.0 11.708265 -73.190171 1028291 sdsswork/lvm/spectro/redux/1.1.1/1028XX/1028291/60531/lvmSFrame-00023083.fits         23083     628.75            4         5759
 J0047-7314       IKT5 12.282083   -73.2375  circle  11.875  11.875   0.0  23083 60531   900.0 11.708265 -73.190171 1028291 sdsswork/lvm/spectro/redux/1.1.1/1028XX/1028291/60531/lvmSFrame-00023083.fits         23083     620.44            5         5759
 J0046-7308     HPF414 11.669167   -73.1375 ellipse 11.5625    8.75  35.0  24484 60553   900.0 11.759651  -73.19307 1028291 sdsswork/lvm/spectro/redux/1.1.1/1028XX/1028291/60553/lvmSFrame-00024484.fits         24484     221.18            1         6207
 J0047-7308       IKT2 11.819167 -73.143333 ellipse   6.875    6.25  45.0  24484 60553   900.0 11.759651  -73.19307 1028291 sdsswork/lvm/spectro/redux/1.1.1/1028XX/1028291/60553/lvmSFrame-00024484.fits         24484     189.50            2         6207
 J0047-7309         -- 11.902083 -73.155556 ellipse   11.25     7.5  75.0  24484 60553   900.0 11.759651  -73.19307 1028291 sdsswork/lvm/spectro/redux/1.1.1/1028XX/1028291/60553/lvmSFrame-00024484.fits         24484     200.67            3         6207
 J0048-7319       IKT4 12.081667 -73.327778 ellipse 10.3125   8.125  90.0  24484 60553   900.0 11.759651  -73.19307 1028291 sdsswork/lvm/spectro/redux/1.1.1/1028XX/1028291/60553/lvmSFrame-00024484.fits         24484     588.78            4         6207
 J0047-7314       IKT5 12.282083   -73.2375  circle  11.875  11.875   0.0  24484 60553   900.0 11.759651  -73.19307 1028291 sdsswork/lvm/spectro/redux/1.1.1/1028XX/1028291/60553/lvmSFrame-00024484.fits         24484     566.18            5         6207
 J0046-7308     HPF414 11.669167   -73.1375 ellipse 11.5625    8.75  35.0  24487 60553   900.0 11.734386 -73.183637 1028291 sdsswork/lvm/spectro/redux/1.1.1/1028XX/1028291/60553/lvmSFrame-00024487.fits         24487     179.48            1         6208
 J0047-7308       IKT2 11.819167 -73.143333 ellipse   6.875    6.25  45.0  24487 60553   900.0 11.734386 -73.183637 1028291 sdsswork/lvm/spectro/redux/1.1.1/1028XX/1028291/60553/lvmSFrame-00024487.fits         24487     169.90            2         6208
 J0047-7309         -- 11.902083 -73.155556 ellipse   11.25     7.5  75.0  24487 60553   900.0 11.734386 -73.183637 1028291 sdsswork/lvm/spectro/redux/1.1.1/1028XX/1028291/60553/lvmSFrame-00024487.fits         24487     201.93            3         6208
 J0048-7319       IKT4 12.081667 -73.327778 ellipse 10.3125   8.125  90.0  24487 60553   900.0 11.734386 -73.183637 1028291 sdsswork/lvm/spectro/redux/1.1.1/1028XX/1028291/60553/lvmSFrame-00024487.fits         24487     631.66            4         6208
 J0047-7314       IKT5 12.282083   -73.2375  circle  11.875  11.875   0.0  24487 60553   900.0 11.734386 -73.183637 1028291 sdsswork/lvm/spectro/redux/1.1.1/1028XX/1028291/60553/lvmSFrame-00024487.fits         24487     601.64            5         6208
 J0046-7308     HPF414 11.669167   -73.1375 ellipse 11.5625    8.75  35.0  24488 60553   900.0 11.747829 -73.183248 1028291 sdsswork/lvm/spectro/redux/1.1.1/1028XX/1028291/60553/lvmSFrame-00024488.fits         24488     183.99            1         6209
 J0047-7308       IKT2 11.819167 -73.143333 ellipse   6.875    6.25  45.0  24488 60553   900.0 11.747829 -73.183248 1028291 sdsswork/lvm/spectro/redux/1.1.1/1028XX/1028291/60553/lvmSFrame-00024488.fits         24488     161.81            2         6209
 J0047-7309         -- 11.902083 -73.155556 ellipse   11.25     7.5  75.0  24488 60553   900.0 11.747829 -73.183248 1028291 sdsswork/lvm/spectro/redux/1.1.1/1028XX/1028291/60553/lvmSFrame-00024488.fits         24488     189.18            3         6209
 J0048-7319       IKT4 12.081667 -73.327778 ellipse 10.3125   8.125  90.0  24488 60553   900.0 11.747829 -73.183248 1028291 sdsswork/lvm/spectro/redux/1.1.1/1028XX/1028291/60553/lvmSFrame-00024488.fits         24488     624.98            4         6209
 J0047-7314       IKT5 12.282083   -73.2375  circle  11.875  11.875   0.0  24488 60553   900.0 11.747829 -73.183248 1028291 sdsswork/lvm/spectro/redux/1.1.1/1028XX/1028291/60553/lvmSFrame-00024488.fits         24488     588.89            5         6209
 J0046-7308     HPF414 11.669167   -73.1375 ellipse 11.5625    8.75  35.0  24489 60553   900.0 11.726813 -73.186034 1028291 sdsswork/lvm/spectro/redux/1.1.1/1028XX/1028291/60553/lvmSFrame-00024489.fits         24489     184.77            1         6210
 J0047-7308       IKT2 11.819167 -73.143333 ellipse   6.875    6.25  45.0  24489 60553   900.0 11.726813 -73.186034 1028291 sdsswork/lvm/spectro/redux/1.1.1/1028XX/1028291/60553/lvmSFrame-00024489.fits         24489     181.39            2         6210
 J0047-7309         -- 11.902083 -73.155556 ellipse   11.25     7.5  75.0  24489 60553   900.0 11.726813 -73.186034 1028291 sdsswork/lvm/spectro/redux/1.1.1/1028XX/1028291/60553/lvmSFrame-00024489.fits         24489     213.10            3         6210
 J0048-7319       IKT4 12.081667 -73.327778 ellipse 10.3125   8.125  90.0  24489 60553   900.0 11.726813 -73.186034 1028291 sdsswork/lvm/spectro/redux/1.1.1/1028XX/1028291/60553/lvmSFrame-00024489.fits         24489     629.14            4         6210
 J0047-7314       IKT5 12.282083   -73.2375  circle  11.875  11.875   0.0  24489 60553   900.0 11.726813 -73.186034 1028291 sdsswork/lvm/spectro/redux/1.1.1/1028XX/1028291/60553/lvmSFrame-00024489.fits         24489     606.37            5         6210
 J0046-7308     HPF414 11.669167   -73.1375 ellipse 11.5625    8.75  35.0  24490 60553   900.0 11.722047 -73.189983 1028291 sdsswork/lvm/spectro/redux/1.1.1/1028XX/1028291/60553/lvmSFrame-00024490.fits         24490     196.82            1         6211
 J0047-7308       IKT2 11.819167 -73.143333 ellipse   6.875    6.25  45.0  24490 60553   900.0 11.722047 -73.189983 1028291 sdsswork/lvm/spectro/redux/1.1.1/1028XX/1028291/60553/lvmSFrame-00024490.fits         24490     196.10            2         6211
 J0047-7309         -- 11.902083 -73.155556 ellipse   11.25     7.5  75.0  24490 60553   900.0 11.722047 -73.189983 1028291 sdsswork/lvm/spectro/redux/1.1.1/1028XX/1028291/60553/lvmSFrame-00024490.fits         24490     224.86            3         6211
 J0048-7319       IKT4 12.081667 -73.327778 ellipse 10.3125   8.125  90.0  24490 60553   900.0 11.722047 -73.189983 1028291 sdsswork/lvm/spectro/redux/1.1.1/1028XX/1028291/60553/lvmSFrame-00024490.fits         24490     620.60            4         6211
 J0047-7314       IKT5 12.282083   -73.2375  circle  11.875  11.875   0.0  24490 60553   900.0 11.722047 -73.189983 1028291 sdsswork/lvm/spectro/redux/1.1.1/1028XX/1028291/60553/lvmSFrame-00024490.fits         24490     606.87            5         6211
 J0046-7308     HPF414 11.669167   -73.1375 ellipse 11.5625    8.75  35.0  24491 60553   900.0 11.707522 -73.190764 1028291 sdsswork/lvm/spectro/redux/1.1.1/1028XX/1028291/60553/lvmSFrame-00024491.fits         24491     195.88            1         6212
 J0047-7308       IKT2 11.819167 -73.143333 ellipse   6.875    6.25  45.0  24491 60553   900.0 11.707522 -73.190764 1028291 sdsswork/lvm/spectro/redux/1.1.1/1028XX/1028291/60553/lvmSFrame-00024491.fits         24491     206.65            2         6212
 J0047-7309         -- 11.902083 -73.155556 ellipse   11.25     7.5  75.0  24491 60553   900.0 11.707522 -73.190764 1028291 sdsswork/lvm/spectro/redux/1.1.1/1028XX/1028291/60553/lvmSFrame-00024491.fits         24491     239.11            3         6212
 J0048-7319       IKT4 12.081667 -73.327778 ellipse 10.3125   8.125  90.0  24491 60553   900.0 11.707522 -73.190764 1028291 sdsswork/lvm/spectro/redux/1.1.1/1028XX/1028291/60553/lvmSFrame-00024491.fits         24491     627.55            4         6212
 J0047-7314       IKT5 12.282083   -73.2375  circle  11.875  11.875   0.0  24491 60553   900.0 11.707522 -73.190764 1028291 sdsswork/lvm/spectro/redux/1.1.1/1028XX/1028291/60553/lvmSFrame-00024491.fits         24491     620.59            5         6212
 J0103-7247     HPF334  15.87125   -72.7925  circle  6.5625  5.3125   0.0  24552 60554   900.0 15.355841 -72.862177 1028302 sdsswork/lvm/spectro/redux/1.1.1/1028XX/1028302/60554/lvmSFrame-00024552.fits         24552     602.53           12         6249
 J0103-7247     HPF334  15.87125   -72.7925  circle  6.5625  5.3125   0.0  24553 60554   900.0 15.361154 -72.866958 1028302 sdsswork/lvm/spectro/redux/1.1.1/1028XX/1028302/60554/lvmSFrame-00024553.fits         24553     604.76           12         6250
 J0103-7247     HPF334  15.87125   -72.7925  circle  6.5625  5.3125   0.0  24554 60554   900.0  15.33902 -72.866115 1028302 sdsswork/lvm/spectro/redux/1.1.1/1028XX/1028302/60554/lvmSFrame-00024554.fits         24554     624.65           12         6251
 J0103-7247     HPF334  15.87125   -72.7925  circle  6.5625  5.3125   0.0  24561 60554   900.0 15.346822 -72.857716 1028302 sdsswork/lvm/spectro/redux/1.1.1/1028XX/1028302/60554/lvmSFrame-00024561.fits         24561     604.91           12         6258
 J0103-7247     HPF334  15.87125   -72.7925  circle  6.5625  5.3125   0.0  24562 60554   900.0 15.336421 -72.856487 1028302 sdsswork/lvm/spectro/redux/1.1.1/1028XX/1028302/60554/lvmSFrame-00024562.fits         24562     613.45           12         6259
 J0103-7247     HPF334  15.87125   -72.7925  circle  6.5625  5.3125   0.0  24563 60554   900.0  15.35642 -72.855294 1028302 sdsswork/lvm/spectro/redux/1.1.1/1028XX/1028302/60554/lvmSFrame-00024563.fits         24563     592.17           12         6260
 J0103-7247     HPF334  15.87125   -72.7925  circle  6.5625  5.3125   0.0  24564 60554   900.0 15.340061 -72.857488 1028302 sdsswork/lvm/spectro/redux/1.1.1/1028XX/1028302/60554/lvmSFrame-00024564.fits         24564     611.22           12         6261
 J0103-7247     HPF334  15.87125   -72.7925  circle  6.5625  5.3125   0.0  24565 60554   900.0 15.360978  -72.85764 1028302 sdsswork/lvm/spectro/redux/1.1.1/1028XX/1028302/60554/lvmSFrame-00024565.fits         24565     590.96           12         6262
 J0103-7247     HPF334  15.87125   -72.7925  circle  6.5625  5.3125   0.0  24566 60554   900.0 15.354137 -72.860464 1028302 sdsswork/lvm/spectro/redux/1.1.1/1028XX/1028302/60554/lvmSFrame-00024566.fits         24566     601.66           12         6263
 J0051-7321       IKT6 12.777917 -73.357222  circle  9.0625  9.0625   0.0  24615 60555   900.0 12.406396 -73.563155 1028284 sdsswork/lvm/spectro/redux/1.1.1/1028XX/1028284/60555/lvmSFrame-00024615.fits         24615     833.42            6         6275
 J0051-7321       IKT6 12.777917 -73.357222  circle  9.0625  9.0625   0.0  24616 60555   900.0 12.422816 -73.569219 1028284 sdsswork/lvm/spectro/redux/1.1.1/1028XX/1028284/60555/lvmSFrame-00024616.fits         24616     845.49            6         6276
 J0051-7321       IKT6 12.777917 -73.357222  circle  9.0625  9.0625   0.0  24617 60555   900.0 12.396684 -73.567968 1028284 sdsswork/lvm/spectro/redux/1.1.1/1028XX/1028284/60555/lvmSFrame-00024617.fits         24617     853.35            6         6277
 J0048-7319       IKT4 12.081667 -73.327778 ellipse 10.3125   8.125  90.0  24618 60555   900.0 12.402363 -73.558244 1028284 sdsswork/lvm/spectro/redux/1.1.1/1028XX/1028284/60555/lvmSFrame-00024618.fits         24618     892.52            4         6278
 J0051-7321       IKT6 12.777917 -73.357222  circle  9.0625  9.0625   0.0  24618 60555   900.0 12.402363 -73.558244 1028284 sdsswork/lvm/spectro/redux/1.1.1/1028XX/1028284/60555/lvmSFrame-00024618.fits         24618     819.69            6         6278
 J0048-7319       IKT4 12.081667 -73.327778 ellipse 10.3125   8.125  90.0  24619 60555   900.0 12.385643 -73.560261 1028284 sdsswork/lvm/spectro/redux/1.1.1/1028XX/1028284/60555/lvmSFrame-00024619.fits         24619     893.14            4         6279
 J0051-7321       IKT6 12.777917 -73.357222  circle  9.0625  9.0625   0.0  24619 60555   900.0 12.385643 -73.560261 1028284 sdsswork/lvm/spectro/redux/1.1.1/1028XX/1028284/60555/lvmSFrame-00024619.fits         24619     834.22            6         6279
 J0048-7319       IKT4 12.081667 -73.327778 ellipse 10.3125   8.125  90.0  24620 60555   900.0 12.403521 -73.559594 1028284 sdsswork/lvm/spectro/redux/1.1.1/1028XX/1028284/60555/lvmSFrame-00024620.fits         24620     897.48            4         6280
 J0051-7321       IKT6 12.777917 -73.357222  circle  9.0625  9.0625   0.0  24620 60555   900.0 12.403521 -73.559594 1028284 sdsswork/lvm/spectro/redux/1.1.1/1028XX/1028284/60555/lvmSFrame-00024620.fits         24620     823.42            6         6280
 J0051-7321       IKT6 12.777917 -73.357222  circle  9.0625  9.0625   0.0  24621 60555   900.0 12.381146 -73.563169 1028284 sdsswork/lvm/spectro/redux/1.1.1/1028XX/1028284/60555/lvmSFrame-00024621.fits         24621     845.59            6         6281
 J0051-7321       IKT6 12.777917 -73.357222  circle  9.0625  9.0625   0.0  24622 60555   900.0 12.396867  -73.56269 1028284 sdsswork/lvm/spectro/redux/1.1.1/1028XX/1028284/60555/lvmSFrame-00024622.fits         24622     836.44            6         6282
 J0051-7321       IKT6 12.777917 -73.357222  circle  9.0625  9.0625   0.0  24623 60555   900.0 12.382434 -73.563325 1028284 sdsswork/lvm/spectro/redux/1.1.1/1028XX/1028284/60555/lvmSFrame-00024623.fits         24623     845.45            6         6283
 J0058-7217      IKT16 14.593333 -72.297778  circle    16.0    16.0   0.0  24683 60556   900.0 14.061745 -72.127953 1028317 sdsswork/lvm/spectro/redux/1.1.1/1028XX/1028317/60556/lvmSFrame-00024683.fits         24683     845.89            8         6310
 J0059-7210      IKT18 14.865417 -72.169444  circle    8.75    8.75   0.0  24683 60556   900.0 14.061745 -72.127953 1028317 sdsswork/lvm/spectro/redux/1.1.1/1028XX/1028317/60556/lvmSFrame-00024683.fits         24683     899.39            9         6310
 J0056-7209      SNRC1 14.117083 -72.161667 ellipse   21.25 14.0625  30.0  24683 60556   900.0 14.061745 -72.127953 1028317 sdsswork/lvm/spectro/redux/1.1.1/1028XX/1028317/60556/lvmSFrame-00024683.fits         24683     135.87           19         6310
 J0057-7211      NS66D 14.457917 -72.196389 ellipse   11.25  9.0625  45.0  24683 60556   900.0 14.061745 -72.127953 1028317 sdsswork/lvm/spectro/redux/1.1.1/1028XX/1028317/60556/lvmSFrame-00024683.fits         24683     501.56           20         6310
 J0058-7217      IKT16 14.593333 -72.297778  circle    16.0    16.0   0.0  24684 60556   900.0 14.063791 -72.132071 1028317 sdsswork/lvm/spectro/redux/1.1.1/1028XX/1028317/60556/lvmSFrame-00024684.fits         24684     833.62            8         6311
 J0059-7210      IKT18 14.865417 -72.169444  circle    8.75    8.75   0.0  24684 60556   900.0 14.063791 -72.132071 1028317 sdsswork/lvm/spectro/redux/1.1.1/1028XX/1028317/60556/lvmSFrame-00024684.fits         24684     894.72            9         6311
 J0056-7209      SNRC1 14.117083 -72.161667 ellipse   21.25 14.0625  30.0  24684 60556   900.0 14.063791 -72.132071 1028317 sdsswork/lvm/spectro/redux/1.1.1/1028XX/1028317/60556/lvmSFrame-00024684.fits         24684     121.70           19         6311
 J0057-7211      NS66D 14.457917 -72.196389 ellipse   11.25  9.0625  45.0  24684 60556   900.0 14.063791 -72.132071 1028317 sdsswork/lvm/spectro/redux/1.1.1/1028XX/1028317/60556/lvmSFrame-00024684.fits         24684     492.41           20         6311
 J0058-7217      IKT16 14.593333 -72.297778  circle    16.0    16.0   0.0  24685 60556   900.0 14.039941 -72.130728 1028317 sdsswork/lvm/spectro/redux/1.1.1/1028XX/1028317/60556/lvmSFrame-00024685.fits         24685     855.55            8         6312
 J0056-7209      SNRC1 14.117083 -72.161667 ellipse   21.25 14.0625  30.0  24685 60556   900.0 14.039941 -72.130728 1028317 sdsswork/lvm/spectro/redux/1.1.1/1028XX/1028317/60556/lvmSFrame-00024685.fits         24685     140.20           19         6312
 J0057-7211      NS66D 14.457917 -72.196389 ellipse   11.25  9.0625  45.0  24685 60556   900.0 14.039941 -72.130728 1028317 sdsswork/lvm/spectro/redux/1.1.1/1028XX/1028317/60556/lvmSFrame-00024685.fits         24685     517.97           20         6312
 J0058-7217      IKT16 14.593333 -72.297778  circle    16.0    16.0   0.0  24686 60556   900.0 14.045717 -72.120996 1028317 sdsswork/lvm/spectro/redux/1.1.1/1028XX/1028317/60556/lvmSFrame-00024686.fits         24686     876.26            8         6313
 J0056-7209      SNRC1 14.117083 -72.161667 ellipse   21.25 14.0625  30.0  24686 60556   900.0 14.045717 -72.120996 1028317 sdsswork/lvm/spectro/redux/1.1.1/1028XX/1028317/60556/lvmSFrame-00024686.fits         24686     166.27           19         6313
 J0057-7211      NS66D 14.457917 -72.196389 ellipse   11.25  9.0625  45.0  24686 60556   900.0 14.045717 -72.120996 1028317 sdsswork/lvm/spectro/redux/1.1.1/1028XX/1028317/60556/lvmSFrame-00024686.fits         24686     529.50           20         6313
 J0058-7217      IKT16 14.593333 -72.297778  circle    16.0    16.0   0.0  24687 60556   900.0 14.030575 -72.120691 1028317 sdsswork/lvm/spectro/redux/1.1.1/1028XX/1028317/60556/lvmSFrame-00024687.fits         24687     888.58            8         6314
 J0056-7209      SNRC1 14.117083 -72.161667 ellipse   21.25 14.0625  30.0  24687 60556   900.0 14.030575 -72.120691 1028317 sdsswork/lvm/spectro/redux/1.1.1/1028XX/1028317/60556/lvmSFrame-00024687.fits         24687     175.73           19         6314
 J0057-7211      NS66D 14.457917 -72.196389 ellipse   11.25  9.0625  45.0  24687 60556   900.0 14.030575 -72.120691 1028317 sdsswork/lvm/spectro/redux/1.1.1/1028XX/1028317/60556/lvmSFrame-00024687.fits         24687     544.46           20         6314
 J0058-7217      IKT16 14.593333 -72.297778  circle    16.0    16.0   0.0  24688 60556   900.0 14.047073 -72.120107 1028317 sdsswork/lvm/spectro/redux/1.1.1/1028XX/1028317/60556/lvmSFrame-00024688.fits         24688     877.58            8         6315
 J0056-7209      SNRC1 14.117083 -72.161667 ellipse   21.25 14.0625  30.0  24688 60556   900.0 14.047073 -72.120107 1028317 sdsswork/lvm/spectro/redux/1.1.1/1028XX/1028317/60556/lvmSFrame-00024688.fits         24688     168.40           19         6315
 J0057-7211      NS66D 14.457917 -72.196389 ellipse   11.25  9.0625  45.0  24688 60556   900.0 14.047073 -72.120107 1028317 sdsswork/lvm/spectro/redux/1.1.1/1028XX/1028317/60556/lvmSFrame-00024688.fits         24688     529.87           20         6315
 J0058-7217      IKT16 14.593333 -72.297778  circle    16.0    16.0   0.0  24689 60556   900.0 14.004668 -72.126672 1028317 sdsswork/lvm/spectro/redux/1.1.1/1028XX/1028317/60556/lvmSFrame-00024689.fits         24689     893.61            8         6316
 J0056-7209      SNRC1 14.117083 -72.161667 ellipse   21.25 14.0625  30.0  24689 60556   900.0 14.004668 -72.126672 1028317 sdsswork/lvm/spectro/redux/1.1.1/1028XX/1028317/60556/lvmSFrame-00024689.fits         24689     176.83           19         6316
 J0057-7211      NS66D 14.457917 -72.196389 ellipse   11.25  9.0625  45.0  24689 60556   900.0 14.004668 -72.126672 1028317 sdsswork/lvm/spectro/redux/1.1.1/1028XX/1028317/60556/lvmSFrame-00024689.fits         24689     559.32           20         6316
 J0058-7217      IKT16 14.593333 -72.297778  circle    16.0    16.0   0.0  24690 60556   900.0 14.020924 -72.126087 1028317 sdsswork/lvm/spectro/redux/1.1.1/1028XX/1028317/60556/lvmSFrame-00024690.fits         24690     882.23            8         6317
 J0056-7209      SNRC1 14.117083 -72.161667 ellipse   21.25 14.0625  30.0  24690 60556   900.0 14.020924 -72.126087 1028317 sdsswork/lvm/spectro/redux/1.1.1/1028XX/1028317/60556/lvmSFrame-00024690.fits         24690     166.35           19         6317
 J0057-7211      NS66D 14.457917 -72.196389 ellipse   11.25  9.0625  45.0  24690 60556   900.0 14.020924 -72.126087 1028317 sdsswork/lvm/spectro/redux/1.1.1/1028XX/1028317/60556/lvmSFrame-00024690.fits         24690     544.34           20         6317
 J0058-7217      IKT16 14.593333 -72.297778  circle    16.0    16.0   0.0  24691 60556   900.0 14.009139 -72.126703 1028317 sdsswork/lvm/spectro/redux/1.1.1/1028XX/1028317/60556/lvmSFrame-00024691.fits         24691     889.98            8         6318
 J0056-7209      SNRC1 14.117083 -72.161667 ellipse   21.25 14.0625  30.0  24691 60556   900.0 14.009139 -72.126703 1028317 sdsswork/lvm/spectro/redux/1.1.1/1028XX/1028317/60556/lvmSFrame-00024691.fits         24691     173.32           19         6318
 J0057-7211      NS66D 14.457917 -72.196389 ellipse   11.25  9.0625  45.0  24691 60556   900.0 14.009139 -72.126703 1028317 sdsswork/lvm/spectro/redux/1.1.1/1028XX/1028317/60556/lvmSFrame-00024691.fits         24691     554.86           20         6318
 J0041-7336      DEMS5 10.257083 -73.608333 ellipse 15.3125 13.6875 105.0  24812 60558   900.0 10.923853  -73.53166 1028283 sdsswork/lvm/spectro/redux/1.1.1/1028XX/1028283/60558/lvmSFrame-00024812.fits         24812     732.89            0         6378
 J0041-7336      DEMS5 10.257083 -73.608333 ellipse 15.3125 13.6875 105.0  24813 60558   900.0 10.935938 -73.539113 1028283 sdsswork/lvm/spectro/redux/1.1.1/1028XX/1028283/60558/lvmSFrame-00024813.fits         24813     734.63            0         6379
 J0041-7336      DEMS5 10.257083 -73.608333 ellipse 15.3125 13.6875 105.0  24814 60558   900.0 10.909572 -73.537409 1028283 sdsswork/lvm/spectro/redux/1.1.1/1028XX/1028283/60558/lvmSFrame-00024814.fits         24814     711.65            0         6380
 J0041-7336      DEMS5 10.257083 -73.608333 ellipse 15.3125 13.6875 105.0  24815 60558   900.0 10.915141 -73.527814 1028283 sdsswork/lvm/spectro/redux/1.1.1/1028XX/1028283/60558/lvmSFrame-00024815.fits         24815     730.14            0         6381
 J0041-7336      DEMS5 10.257083 -73.608333 ellipse 15.3125 13.6875 105.0  24816 60558   900.0 10.897246 -73.528183 1028283 sdsswork/lvm/spectro/redux/1.1.1/1028XX/1028283/60558/lvmSFrame-00024816.fits         24816     712.90            0         6382
 J0041-7336      DEMS5 10.257083 -73.608333 ellipse 15.3125 13.6875 105.0  24817 60558   900.0 10.911838  -73.52775 1028283 sdsswork/lvm/spectro/redux/1.1.1/1028XX/1028283/60558/lvmSFrame-00024817.fits         24817     727.14            0         6383
 J0041-7336      DEMS5 10.257083 -73.608333 ellipse 15.3125 13.6875 105.0  24818 60558   900.0 10.865285 -73.534046 1028283 sdsswork/lvm/spectro/redux/1.1.1/1028XX/1028283/60558/lvmSFrame-00024818.fits         24818     674.53            0         6384
 J0041-7336      DEMS5 10.257083 -73.608333 ellipse 15.3125 13.6875 105.0  24819 60558   900.0 10.883295  -73.53365 1028283 sdsswork/lvm/spectro/redux/1.1.1/1028XX/1028283/60558/lvmSFrame-00024819.fits         24819     691.96            0         6385
 J0041-7336      DEMS5 10.257083 -73.608333 ellipse 15.3125 13.6875 105.0  24820 60558   900.0 10.869258 -73.534445 1028283 sdsswork/lvm/spectro/redux/1.1.1/1028XX/1028283/60558/lvmSFrame-00024820.fits         24820     677.67            0         6386
 J0059-7210      IKT18 14.865417 -72.169444  circle    8.75    8.75   0.0  24821 60558   900.0 15.378704 -72.135643 1028318 sdsswork/lvm/spectro/redux/1.1.1/1028XX/1028318/60558/lvmSFrame-00024821.fits         24821     579.25            9         6387
 J0103-7209      IKT21 15.820833 -72.161667  circle  16.875  16.875   0.0  24821 60558   900.0 15.378704 -72.135643 1028318 sdsswork/lvm/spectro/redux/1.1.1/1028XX/1028318/60558/lvmSFrame-00024821.fits         24821     496.83           11         6387
 J0103-7201         -- 15.902083 -72.026389 ellipse   6.125  5.1875  90.0  24821 60558   900.0 15.378704 -72.135643 1028318 sdsswork/lvm/spectro/redux/1.1.1/1028XX/1028318/60558/lvmSFrame-00024821.fits         24821     700.53           13         6387
 J0104-7201      E0102    16.005 -72.031111  circle  2.8125  2.6875   0.0  24821 60558   900.0 15.378704 -72.135643 1028318 sdsswork/lvm/spectro/redux/1.1.1/1028XX/1028318/60558/lvmSFrame-00024821.fits         24821     789.11           14         6387
 J0059-7210      IKT18 14.865417 -72.169444  circle    8.75    8.75   0.0  24822 60558   900.0 15.385487 -72.140035 1028318 sdsswork/lvm/spectro/redux/1.1.1/1028XX/1028318/60558/lvmSFrame-00024822.fits         24822     583.43            9         6388
 J0103-7209      IKT21 15.820833 -72.161667  circle  16.875  16.875   0.0  24822 60558   900.0 15.385487 -72.140035 1028318 sdsswork/lvm/spectro/redux/1.1.1/1028XX/1028318/60558/lvmSFrame-00024822.fits         24822     486.65           11         6388
 J0103-7201         -- 15.902083 -72.026389 ellipse   6.125  5.1875  90.0  24822 60558   900.0 15.385487 -72.140035 1028318 sdsswork/lvm/spectro/redux/1.1.1/1028XX/1028318/60558/lvmSFrame-00024822.fits         24822     703.35           13         6388
 J0104-7201      E0102    16.005 -72.031111  circle  2.8125  2.6875   0.0  24822 60558   900.0 15.385487 -72.140035 1028318 sdsswork/lvm/spectro/redux/1.1.1/1028XX/1028318/60558/lvmSFrame-00024822.fits         24822     790.17           14         6388
 J0059-7210      IKT18 14.865417 -72.169444  circle    8.75    8.75   0.0  24823 60558   900.0 15.364671 -72.139071 1028318 sdsswork/lvm/spectro/redux/1.1.1/1028XX/1028318/60558/lvmSFrame-00024823.fits         24823     561.54            9         6389
 J0103-7209      IKT21 15.820833 -72.161667  circle  16.875  16.875   0.0  24823 60558   900.0 15.364671 -72.139071 1028318 sdsswork/lvm/spectro/redux/1.1.1/1028XX/1028318/60558/lvmSFrame-00024823.fits         24823     509.89           11         6389
 J0103-7201         -- 15.902083 -72.026389 ellipse   6.125  5.1875  90.0  24823 60558   900.0 15.364671 -72.139071 1028318 sdsswork/lvm/spectro/redux/1.1.1/1028XX/1028318/60558/lvmSFrame-00024823.fits         24823     720.28           13         6389
 J0104-7201      E0102    16.005 -72.031111  circle  2.8125  2.6875   0.0  24823 60558   900.0 15.364671 -72.139071 1028318 sdsswork/lvm/spectro/redux/1.1.1/1028XX/1028318/60558/lvmSFrame-00024823.fits         24823     808.61           14         6389
 J0059-7210      IKT18 14.865417 -72.169444  circle    8.75    8.75   0.0  24827 60558   900.0 15.371179 -72.130115 1028318 sdsswork/lvm/spectro/redux/1.1.1/1028XX/1028318/60558/lvmSFrame-00024827.fits         24827     575.79            9         6393
 J0103-7209      IKT21 15.820833 -72.161667  circle  16.875  16.875   0.0  24827 60558   900.0 15.371179 -72.130115 1028318 sdsswork/lvm/spectro/redux/1.1.1/1028XX/1028318/60558/lvmSFrame-00024827.fits         24827     509.13           11         6393
 J0103-7201         -- 15.902083 -72.026389 ellipse   6.125  5.1875  90.0  24827 60558   900.0 15.371179 -72.130115 1028318 sdsswork/lvm/spectro/redux/1.1.1/1028XX/1028318/60558/lvmSFrame-00024827.fits         24827     696.65           13         6393
 J0104-7201      E0102    16.005 -72.031111  circle  2.8125  2.6875   0.0  24827 60558   900.0 15.371179 -72.130115 1028318 sdsswork/lvm/spectro/redux/1.1.1/1028XX/1028318/60558/lvmSFrame-00024827.fits         24827     787.33           14         6393
 J0059-7210      IKT18 14.865417 -72.169444  circle    8.75    8.75   0.0  24828 60558   900.0 15.356779 -72.127622 1028318 sdsswork/lvm/spectro/redux/1.1.1/1028XX/1028318/60558/lvmSFrame-00024828.fits         24828     562.77            9         6394
 J0103-7209      IKT21 15.820833 -72.161667  circle  16.875  16.875   0.0  24828 60558   900.0 15.356779 -72.127622 1028318 sdsswork/lvm/spectro/redux/1.1.1/1028XX/1028318/60558/lvmSFrame-00024828.fits         24828     526.69           11         6394
 J0103-7201         -- 15.902083 -72.026389 ellipse   6.125  5.1875  90.0  24828 60558   900.0 15.356779 -72.127622 1028318 sdsswork/lvm/spectro/redux/1.1.1/1028XX/1028318/60558/lvmSFrame-00024828.fits         24828     705.53           13         6394
 J0104-7201      E0102    16.005 -72.031111  circle  2.8125  2.6875   0.0  24828 60558   900.0 15.356779 -72.127622 1028318 sdsswork/lvm/spectro/redux/1.1.1/1028XX/1028318/60558/lvmSFrame-00024828.fits         24828     797.68           14         6394
 J0059-7210      IKT18 14.865417 -72.169444  circle    8.75    8.75   0.0  24829 60558   900.0 15.374201 -72.126584 1028318 sdsswork/lvm/spectro/redux/1.1.1/1028XX/1028318/60558/lvmSFrame-00024829.fits         24829     582.31            9         6395
 J0103-7209      IKT21 15.820833 -72.161667  circle  16.875  16.875   0.0  24829 60558   900.0 15.374201 -72.126584 1028318 sdsswork/lvm/spectro/redux/1.1.1/1028XX/1028318/60558/lvmSFrame-00024829.fits         24829     508.93           11         6395
 J0103-7201         -- 15.902083 -72.026389 ellipse   6.125  5.1875  90.0  24829 60558   900.0 15.374201 -72.126584 1028318 sdsswork/lvm/spectro/redux/1.1.1/1028XX/1028318/60558/lvmSFrame-00024829.fits         24829     687.12           13         6395
 J0104-7201      E0102    16.005 -72.031111  circle  2.8125  2.6875   0.0  24829 60558   900.0 15.374201 -72.126584 1028318 sdsswork/lvm/spectro/redux/1.1.1/1028XX/1028318/60558/lvmSFrame-00024829.fits         24829     778.72           14         6395
 J0059-7210      IKT18 14.865417 -72.169444  circle    8.75    8.75   0.0  24830 60558   900.0 15.355138 -72.128876 1028318 sdsswork/lvm/spectro/redux/1.1.1/1028XX/1028318/60558/lvmSFrame-00024830.fits         24830     559.81            9         6396
 J0103-7209      IKT21 15.820833 -72.161667  circle  16.875  16.875   0.0  24830 60558   900.0 15.355138 -72.128876 1028318 sdsswork/lvm/spectro/redux/1.1.1/1028XX/1028318/60558/lvmSFrame-00024830.fits         24830     527.40           11         6396
 J0103-7201         -- 15.902083 -72.026389 ellipse   6.125  5.1875  90.0  24830 60558   900.0 15.355138 -72.128876 1028318 sdsswork/lvm/spectro/redux/1.1.1/1028XX/1028318/60558/lvmSFrame-00024830.fits         24830     709.41           13         6396
 J0104-7201      E0102    16.005 -72.031111  circle  2.8125  2.6875   0.0  24830 60558   900.0 15.355138 -72.128876 1028318 sdsswork/lvm/spectro/redux/1.1.1/1028XX/1028318/60558/lvmSFrame-00024830.fits         24830     801.27           14         6396
 J0059-7210      IKT18 14.865417 -72.169444  circle    8.75    8.75   0.0  24831 60558   900.0  15.37448 -72.127764 1028318 sdsswork/lvm/spectro/redux/1.1.1/1028XX/1028318/60558/lvmSFrame-00024831.fits         24831     581.48            9         6397
 J0103-7209      IKT21 15.820833 -72.161667  circle  16.875  16.875   0.0  24831 60558   900.0  15.37448 -72.127764 1028318 sdsswork/lvm/spectro/redux/1.1.1/1028XX/1028318/60558/lvmSFrame-00024831.fits         24831     507.58           11         6397
 J0103-7201         -- 15.902083 -72.026389 ellipse   6.125  5.1875  90.0  24831 60558   900.0  15.37448 -72.127764 1028318 sdsswork/lvm/spectro/redux/1.1.1/1028XX/1028318/60558/lvmSFrame-00024831.fits         24831     689.08           13         6397
 J0104-7201      E0102    16.005 -72.031111  circle  2.8125  2.6875   0.0  24831 60558   900.0  15.37448 -72.127764 1028318 sdsswork/lvm/spectro/redux/1.1.1/1028XX/1028318/60558/lvmSFrame-00024831.fits         24831     780.30           14         6397
 J0059-7210      IKT18 14.865417 -72.169444  circle    8.75    8.75   0.0  24832 60558   900.0 15.366627 -72.128586 1028318 sdsswork/lvm/spectro/redux/1.1.1/1028XX/1028318/60558/lvmSFrame-00024832.fits         24832     572.33            9         6398
 J0103-7209      IKT21 15.820833 -72.161667  circle  16.875  16.875   0.0  24832 60558   900.0 15.366627 -72.128586 1028318 sdsswork/lvm/spectro/redux/1.1.1/1028XX/1028318/60558/lvmSFrame-00024832.fits         24832     515.30           11         6398
 J0103-7201         -- 15.902083 -72.026389 ellipse   6.125  5.1875  90.0  24832 60558   900.0 15.366627 -72.128586 1028318 sdsswork/lvm/spectro/redux/1.1.1/1028XX/1028318/60558/lvmSFrame-00024832.fits         24832     698.02           13         6398
 J0104-7201      E0102    16.005 -72.031111  circle  2.8125  2.6875   0.0  24832 60558   900.0 15.366627 -72.128586 1028318 sdsswork/lvm/spectro/redux/1.1.1/1028XX/1028318/60558/lvmSFrame-00024832.fits         24832     789.40           14         6398
 J0105-7223      IKT23   16.2675 -72.386111  circle    12.0    12.0   0.0  24868 60559   900.0 16.128599 -72.502111 1028311 sdsswork/lvm/spectro/redux/1.1.1/1028XX/1028311/60559/lvmSFrame-00024868.fits         24868     444.00           15         6414
 J0105-7223      IKT23   16.2675 -72.386111  circle    12.0    12.0   0.0  24870 60559   900.0 16.127609 -72.508109 1028311 sdsswork/lvm/spectro/redux/1.1.1/1028XX/1028311/60559/lvmSFrame-00024870.fits         24870     464.71           15         6415
 J0106-7242         --  16.63375 -72.704722  circle    8.75  10.625   0.0  24870 60559   900.0 16.127609 -72.508109 1028311 sdsswork/lvm/spectro/redux/1.1.1/1028XX/1028311/60559/lvmSFrame-00024870.fits         24870     893.12           21         6415
 J0105-7223      IKT23   16.2675 -72.386111  circle    12.0    12.0   0.0  24871 60559   900.0 16.101073 -72.506303 1028311 sdsswork/lvm/spectro/redux/1.1.1/1028XX/1028311/60559/lvmSFrame-00024871.fits         24871     468.91           15         6416
 J0105-7223      IKT23   16.2675 -72.386111  circle    12.0    12.0   0.0  24872 60559   900.0 16.104782 -72.496111 1028311 sdsswork/lvm/spectro/redux/1.1.1/1028XX/1028311/60559/lvmSFrame-00024872.fits         24872     433.64           15         6417
 J0105-7223      IKT23   16.2675 -72.386111  circle    12.0    12.0   0.0  24873 60559   900.0 16.089811 -72.496289 1028311 sdsswork/lvm/spectro/redux/1.1.1/1028XX/1028311/60559/lvmSFrame-00024873.fits         24873     441.10           15         6418
 J0105-7223      IKT23   16.2675 -72.386111  circle    12.0    12.0   0.0  24874 60559   900.0 16.104571 -72.495261 1028311 sdsswork/lvm/spectro/redux/1.1.1/1028XX/1028311/60559/lvmSFrame-00024874.fits         24874     430.95           15         6419
 J0105-7223      IKT23   16.2675 -72.386111  circle    12.0    12.0   0.0  24875 60559   900.0 16.078781 -72.497663 1028311 sdsswork/lvm/spectro/redux/1.1.1/1028XX/1028311/60559/lvmSFrame-00024875.fits         24875     450.86           15         6420
 J0105-7223      IKT23   16.2675 -72.386111  circle    12.0    12.0   0.0  24876 60559   900.0 16.075615 -72.500726 1028311 sdsswork/lvm/spectro/redux/1.1.1/1028XX/1028311/60559/lvmSFrame-00024876.fits         24876     462.24           15         6421
 J0105-7223      IKT23   16.2675 -72.386111  circle    12.0    12.0   0.0  24877 60559   900.0 16.061812 -72.500867 1028311 sdsswork/lvm/spectro/redux/1.1.1/1028XX/1028311/60559/lvmSFrame-00024877.fits         24877     469.64           15         6422
 J0106-7242         --  16.63375 -72.704722  circle    8.75  10.625   0.0  24937 60560   900.0 16.779781 -72.861795 1028303 sdsswork/lvm/spectro/redux/1.1.1/1028XX/1028303/60560/lvmSFrame-00024937.fits         24937     586.48           21         6456
 J0106-7242         --  16.63375 -72.704722  circle    8.75  10.625   0.0  24938 60560   900.0 16.786404 -72.866323 1028303 sdsswork/lvm/spectro/redux/1.1.1/1028XX/1028303/60560/lvmSFrame-00024938.fits         24938     604.07           21         6457
 J0106-7242         --  16.63375 -72.704722  circle    8.75  10.625   0.0  24939 60560   900.0 16.763621 -72.865715 1028303 sdsswork/lvm/spectro/redux/1.1.1/1028XX/1028303/60560/lvmSFrame-00024939.fits         24939     595.86           21         6458
 J0106-7242         --  16.63375 -72.704722  circle    8.75  10.625   0.0  24944 60560   900.0 16.776181 -72.857507 1028303 sdsswork/lvm/spectro/redux/1.1.1/1028XX/1028303/60560/lvmSFrame-00024944.fits         24944     570.58           21         6463
 J0106-7242         --  16.63375 -72.704722  circle    8.75  10.625   0.0  24945 60560   900.0 16.763749 -72.855703 1028303 sdsswork/lvm/spectro/redux/1.1.1/1028XX/1028303/60560/lvmSFrame-00024945.fits         24945     560.91           21         6464
 J0106-7242         --  16.63375 -72.704722  circle    8.75  10.625   0.0  24946 60560   900.0 16.784853  -72.85487 1028303 sdsswork/lvm/spectro/redux/1.1.1/1028XX/1028303/60560/lvmSFrame-00024946.fits         24946     564.01           21         6465
 J0106-7242         --  16.63375 -72.704722  circle    8.75  10.625   0.0  24947 60560   900.0 16.763827 -72.858082 1028303 sdsswork/lvm/spectro/redux/1.1.1/1028XX/1028303/60560/lvmSFrame-00024947.fits         24947     569.23           21         6466
 J0106-7242         --  16.63375 -72.704722  circle    8.75  10.625   0.0  24948 60560   900.0 16.783875 -72.856893 1028303 sdsswork/lvm/spectro/redux/1.1.1/1028XX/1028303/60560/lvmSFrame-00024948.fits         24948     570.70           21         6467
 J0106-7242         --  16.63375 -72.704722  circle    8.75  10.625   0.0  24949 60560   900.0 16.776371 -72.858555 1028303 sdsswork/lvm/spectro/redux/1.1.1/1028XX/1028303/60560/lvmSFrame-00024949.fits         24949     574.28           21         6468
 J0046-7308     HPF414 11.669167   -73.1375 ellipse 11.5625    8.75  35.0  24986 60561   900.0 11.757307 -73.183155 1028291 sdsswork/lvm/spectro/redux/1.1.1/1028XX/1028291/60561/lvmSFrame-00024986.fits         24986     188.32            1         6482
 J0047-7308       IKT2 11.819167 -73.143333 ellipse   6.875    6.25  45.0  24986 60561   900.0 11.757307 -73.183155 1028291 sdsswork/lvm/spectro/redux/1.1.1/1028XX/1028291/60561/lvmSFrame-00024986.fits         24986     157.20            2         6482
 J0047-7309         -- 11.902083 -73.155556 ellipse   11.25     7.5  75.0  24986 60561   900.0 11.757307 -73.183155 1028291 sdsswork/lvm/spectro/redux/1.1.1/1028XX/1028291/60561/lvmSFrame-00024986.fits         24986     180.68            3         6482
 J0048-7319       IKT4 12.081667 -73.327778 ellipse 10.3125   8.125  90.0  24986 60561   900.0 11.757307 -73.183155 1028291 sdsswork/lvm/spectro/redux/1.1.1/1028XX/1028291/60561/lvmSFrame-00024986.fits         24986     619.87            4         6482
 J0047-7314       IKT5 12.282083   -73.2375  circle  11.875  11.875   0.0  24986 60561   900.0 11.757307 -73.183155 1028291 sdsswork/lvm/spectro/redux/1.1.1/1028XX/1028291/60561/lvmSFrame-00024986.fits         24986     579.72            5         6482
 J0100-7133    DEMS108 15.099583 -71.561389  circle  13.125  13.125   0.0  26805 60585   900.0 14.713072 -71.763761 1028325 sdsswork/lvm/spectro/redux/1.1.1/1028XX/1028325/60585/lvmSFrame-00026805.fits         26805     849.94           10         6874
 J0100-7133    DEMS108 15.099583 -71.561389  circle  13.125  13.125   0.0  26807 60585   900.0 14.717747 -71.764914 1028325 sdsswork/lvm/spectro/redux/1.1.1/1028XX/1028325/60585/lvmSFrame-00026807.fits         26807     850.79           10         6875
 J0100-7133    DEMS108 15.099583 -71.561389  circle  13.125  13.125   0.0  26808 60585   900.0 14.701241 -71.765375 1028325 sdsswork/lvm/spectro/redux/1.1.1/1028XX/1028325/60585/lvmSFrame-00026808.fits         26808     861.86           10         6876
 J0100-7133    DEMS108 15.099583 -71.561389  circle  13.125  13.125   0.0  26809 60585   900.0 14.712077 -71.755709 1028325 sdsswork/lvm/spectro/redux/1.1.1/1028XX/1028325/60585/lvmSFrame-00026809.fits         26809     825.88           10         6877
 J0100-7133    DEMS108 15.099583 -71.561389  circle  13.125  13.125   0.0  26810 60585   900.0 14.704336 -71.757198 1028325 sdsswork/lvm/spectro/redux/1.1.1/1028XX/1028325/60585/lvmSFrame-00026810.fits         26810     835.08           10         6878
 J0100-7133    DEMS108 15.099583 -71.561389  circle  13.125  13.125   0.0  26811 60585   900.0 14.724483 -71.757523 1028325 sdsswork/lvm/spectro/redux/1.1.1/1028XX/1028325/60585/lvmSFrame-00026811.fits         26811     824.07           10         6879
 J0100-7133    DEMS108 15.099583 -71.561389  circle  13.125  13.125   0.0  26821 60585   900.0  14.70235 -71.763458 1028325 sdsswork/lvm/spectro/redux/1.1.1/1028XX/1028325/60585/lvmSFrame-00026821.fits         26821     855.33           10         6888
 J0100-7133    DEMS108 15.099583 -71.561389  circle  13.125  13.125   0.0  26822 60585   900.0 14.724704 -71.761194 1028325 sdsswork/lvm/spectro/redux/1.1.1/1028XX/1028325/60585/lvmSFrame-00026822.fits         26822     835.28           10         6889
 J0100-7133    DEMS108 15.099583 -71.561389  circle  13.125  13.125   0.0  26823 60585   900.0 14.718675 -71.762376 1028325 sdsswork/lvm/spectro/redux/1.1.1/1028XX/1028325/60585/lvmSFrame-00026823.fits         26823     842.41           10         6890
 J0105-7210    DEMS128 16.377083 -72.177778 ellipse  11.875     7.5 150.0  26940 60587   900.0  16.75688 -72.135312 1028319 sdsswork/lvm/spectro/redux/1.1.1/1028XX/1028319/60587/lvmSFrame-00026940.fits         26940     445.98           16         6933
 J0106-7205      IKT25 16.572917 -72.092778 ellipse   6.875     5.0  25.0  26940 60587   900.0  16.75688 -72.135312 1028319 sdsswork/lvm/spectro/redux/1.1.1/1028XX/1028319/60587/lvmSFrame-00026940.fits         26940     254.59           17         6933
 J0105-7210    DEMS128 16.377083 -72.177778 ellipse  11.875     7.5 150.0  26941 60587   900.0 16.761962 -72.139322 1028319 sdsswork/lvm/spectro/redux/1.1.1/1028XX/1028319/60587/lvmSFrame-00026941.fits         26941     446.52           16         6934
 J0106-7205      IKT25 16.572917 -72.092778 ellipse   6.875     5.0  25.0  26941 60587   900.0 16.761962 -72.139322 1028319 sdsswork/lvm/spectro/redux/1.1.1/1028XX/1028319/60587/lvmSFrame-00026941.fits         26941     267.87           17         6934
 J0105-7210    DEMS128 16.377083 -72.177778 ellipse  11.875     7.5 150.0  26942 60587   900.0 16.739625 -72.138508 1028319 sdsswork/lvm/spectro/redux/1.1.1/1028XX/1028319/60587/lvmSFrame-00026942.fits         26942     424.14           16         6935
 J0106-7205      IKT25 16.572917 -72.092778 ellipse   6.875     5.0  25.0  26942 60587   900.0 16.739625 -72.138508 1028319 sdsswork/lvm/spectro/redux/1.1.1/1028XX/1028319/60587/lvmSFrame-00026942.fits         26942     247.12           17         6935
 J0104-7201      E0102    16.005 -72.031111  circle  2.8125  2.6875   0.0  26943 60587   900.0 16.748197 -72.128595 1028319 sdsswork/lvm/spectro/redux/1.1.1/1028XX/1028319/60587/lvmSFrame-00026943.fits         26943     894.91           14         6936
 J0105-7210    DEMS128 16.377083 -72.177778 ellipse  11.875     7.5 150.0  26943 60587   900.0 16.748197 -72.128595 1028319 sdsswork/lvm/spectro/redux/1.1.1/1028XX/1028319/60587/lvmSFrame-00026943.fits         26943     446.09           16         6936
 J0106-7205      IKT25 16.572917 -72.092778 ellipse   6.875     5.0  25.0  26943 60587   900.0 16.748197 -72.128595 1028319 sdsswork/lvm/spectro/redux/1.1.1/1028XX/1028319/60587/lvmSFrame-00026943.fits         26943     232.80           17         6936
 J0104-7201      E0102    16.005 -72.031111  circle  2.8125  2.6875   0.0  26944 60587   900.0 16.736033 -72.129496 1028319 sdsswork/lvm/spectro/redux/1.1.1/1028XX/1028319/60587/lvmSFrame-00026944.fits         26944     883.80           14         6937
 J0105-7210    DEMS128 16.377083 -72.177778 ellipse  11.875     7.5 150.0  26944 60587   900.0 16.736033 -72.129496 1028319 sdsswork/lvm/spectro/redux/1.1.1/1028XX/1028319/60587/lvmSFrame-00026944.fits         26944     432.49           16         6937
 J0106-7205      IKT25 16.572917 -72.092778 ellipse   6.875     5.0  25.0  26944 60587   900.0 16.736033 -72.129496 1028319 sdsswork/lvm/spectro/redux/1.1.1/1028XX/1028319/60587/lvmSFrame-00026944.fits         26944     223.63           17         6937
 J0105-7210    DEMS128 16.377083 -72.177778 ellipse  11.875     7.5 150.0  26945 60587   900.0 16.755507 -72.128708 1028319 sdsswork/lvm/spectro/redux/1.1.1/1028XX/1028319/60587/lvmSFrame-00026945.fits         26945     453.35           16         6938
 J0106-7205      IKT25 16.572917 -72.092778 ellipse   6.875     5.0  25.0  26945 60587   900.0 16.755507 -72.128708 1028319 sdsswork/lvm/spectro/redux/1.1.1/1028XX/1028319/60587/lvmSFrame-00026945.fits         26945     239.79           17         6938
 J0104-7201      E0102    16.005 -72.031111  circle  2.8125  2.6875   0.0  26948 60587   900.0 16.738636 -72.133459 1028319 sdsswork/lvm/spectro/redux/1.1.1/1028XX/1028319/60587/lvmSFrame-00026948.fits         26948     892.16           14         6941
 J0105-7210    DEMS128 16.377083 -72.177778 ellipse  11.875     7.5 150.0  26948 60587   900.0 16.738636 -72.133459 1028319 sdsswork/lvm/spectro/redux/1.1.1/1028XX/1028319/60587/lvmSFrame-00026948.fits         26948     429.58           16         6941
 J0106-7205      IKT25 16.572917 -72.092778 ellipse   6.875     5.0  25.0  26948 60587   900.0 16.738636 -72.133459 1028319 sdsswork/lvm/spectro/redux/1.1.1/1028XX/1028319/60587/lvmSFrame-00026948.fits         26948     234.57           17         6941
 J0105-7210    DEMS128 16.377083 -72.177778 ellipse  11.875     7.5 150.0  26949 60587   900.0  16.75356 -72.130822 1028319 sdsswork/lvm/spectro/redux/1.1.1/1028XX/1028319/60587/lvmSFrame-00026949.fits         26949     448.42           16         6942
 J0106-7205      IKT25 16.572917 -72.092778 ellipse   6.875     5.0  25.0  26949 60587   900.0  16.75356 -72.130822 1028319 sdsswork/lvm/spectro/redux/1.1.1/1028XX/1028319/60587/lvmSFrame-00026949.fits         26949     242.19           17         6942
 J0104-7201      E0102    16.005 -72.031111  circle  2.8125  2.6875   0.0  26950 60587   900.0 16.744047 -72.131029 1028319 sdsswork/lvm/spectro/redux/1.1.1/1028XX/1028319/60587/lvmSFrame-00026950.fits         26950     894.12           14         6943
 J0105-7210    DEMS128 16.377083 -72.177778 ellipse  11.875     7.5 150.0  26950 60587   900.0 16.744047 -72.131029 1028319 sdsswork/lvm/spectro/redux/1.1.1/1028XX/1028319/60587/lvmSFrame-00026950.fits         26950     438.43           16         6943
 J0106-7205      IKT25 16.572917 -72.092778 ellipse   6.875     5.0  25.0  26950 60587   900.0 16.744047 -72.131029 1028319 sdsswork/lvm/spectro/redux/1.1.1/1028XX/1028319/60587/lvmSFrame-00026950.fits         26950     234.03           17         6943
 J0109-7318      SNRC4 17.429167 -72.301111  circle  6.5625  6.5625   0.0  28914 60618   900.0 17.508552 -72.491514 1028312 sdsswork/lvm/spectro/redux/1.1.1/1028XX/1028312/60618/lvmSFrame-00028914.fits         28914     690.88           22         7449
 J0109-7318      SNRC4 17.429167 -72.301111  circle  6.5625  6.5625   0.0  28915 60618   900.0 17.502211 -72.495103 1028312 sdsswork/lvm/spectro/redux/1.1.1/1028XX/1028312/60618/lvmSFrame-00028915.fits         28915     702.88           22         7450
 J0109-7318      SNRC4 17.429167 -72.301111  circle  6.5625  6.5625   0.0  28916 60618   900.0  17.47702 -72.494015 1028312 sdsswork/lvm/spectro/redux/1.1.1/1028XX/1028312/60618/lvmSFrame-00028916.fits         28916     696.41           22         7451
 J0109-7318      SNRC4 17.429167 -72.301111  circle  6.5625  6.5625   0.0  28917 60618   900.0 17.471542  -72.48762 1028312 sdsswork/lvm/spectro/redux/1.1.1/1028XX/1028312/60618/lvmSFrame-00028917.fits         28917     673.02           22         7452
 J0109-7318      SNRC4 17.429167 -72.301111  circle  6.5625  6.5625   0.0  28918 60618   900.0  17.46199 -72.488902 1028312 sdsswork/lvm/spectro/redux/1.1.1/1028XX/1028312/60618/lvmSFrame-00028918.fits         28918     676.99           22         7453
 J0109-7318      SNRC4 17.429167 -72.301111  circle  6.5625  6.5625   0.0  28919 60618   900.0 17.480481  -72.48937 1028312 sdsswork/lvm/spectro/redux/1.1.1/1028XX/1028312/60618/lvmSFrame-00028919.fits         28919     680.03           22         7454
 J0109-7318      SNRC4 17.429167 -72.301111  circle  6.5625  6.5625   0.0  28920 60618   900.0 17.446497 -72.490757 1028312 sdsswork/lvm/spectro/redux/1.1.1/1028XX/1028312/60618/lvmSFrame-00028920.fits         28920     682.99           22         7455
 J0109-7318      SNRC4 17.429167 -72.301111  circle  6.5625  6.5625   0.0  28921 60618   900.0  17.46775  -72.49033 1028312 sdsswork/lvm/spectro/redux/1.1.1/1028XX/1028312/60618/lvmSFrame-00028921.fits         28921     682.48           22         7456
 J0109-7318      SNRC4 17.429167 -72.301111  circle  6.5625  6.5625   0.0  28922 60618   900.0 17.458352 -72.492246 1028312 sdsswork/lvm/spectro/redux/1.1.1/1028XX/1028312/60618/lvmSFrame-00028922.fits         28922     688.82           22         7457
